lr0: 0.00108009
lrf: 0.0894959
momentum: 0.805121
weight_decay: 0.00051
warmup_epochs: 3
warmup_momentum: 0.94024
warmup_bias_lr: 0.05724
box: 0.2
cls: 0.6024
cls_pw: 1.2
obj: 1.2
obj_pw: 1.3
iou_t: 0.2
anchor_t: 5.2508
fl_gamma: 0.0
hsv_h: 0.01745
hsv_s: 0.71439
hsv_v: 0.31607
degrees: 3
translate: 0.3
scale: 0.1
shear: 0.0
perspective: 0.0
flipud: 0.6
fliplr: 0.0
mosaic: 0.8
mixup: 0.0
copy_paste: 0.0
anchors: 3.0
